94  
5114
    
9243
29  
    
4626
5128
    
6698
3546
  12
  69
    
   4
  99
 986
1971
    
75  
8735
    
8917
8233
5447
    
878 
8744
    
  92
  42
2932
8581
    
3689
9993
    
2587
9117
    
8295
 619
 539
    
442 
8677
    
  58
6159
    
3365
438 
    
9319
5244
8682
    
1396
 799
 699
 583
    
2389
2565
  75
   8
    
  19
 461
5853
    
175 
6997
    
8486
9154
    
6861
1135
2796
    
2   
629 
7433
    
22  
6376
    
5979
2225
5457
    
5585
4373
 437
    
6954
96  
61  
    
94  
9847
    
4516
1795
    
8921
4652
 771
    
5824
 122
  69
    
2128
7781
    
9136
  46
    
1693
5197
52  
    
  39
7483
    
29  
6972
    
 515
 141
 273
1573
    
  31
  69
5327
6429
    
4781
 318
   1
   8
    
9414
5   
    
  65
  57
1455
    
5358
6837
  74
    
  73
7554
    
5772
7795
4662
    
7635
1822
3638
    
7378
8735
4314
    
9674
3552
61  
    
2935
8253
 357
  72
    
 232
6849
9376
    
3367
 473
 756
    
4184
6192
6348
    
6738
449 
741 
51  
    
185 
6131
5162
    
8535
 184
  32
  56
    
95  
63  
423 
1394
    
8194
843 
    
7343
1947
 876
    
77  
4961
    
6256
7558
    
 823
7181
9173
9594
    
   6
9727
7952
    
38  
4473
    
 162
 462
7139
    
1693
3148
    
 416
8522
    
3761
 432
   6
    
75  
1852
4571
    
79  
8264
    
545 
8798
1319
    
 175
 181
4845
    
 663
 814
9845
    
4799
2684
    
2113
7761
    
1965
817 
    
23  
773 
8243
    
4888
6496
   6
    
 499
4324
    
7488
8398
6261
    
6526
4337
4711
    
2482
441 
    
4179
789 
89  
    
1288
419 
298 
    
1516
2334
    
5231
3374
    
7752
6256
    
3968
6958
9659
    
5861
8898
    
78  
127 
1443
7959
    
7383
9361
    
 877
9642
    
39  
8475
1185
    
9121
1333
8711
    
9646
99  
4   
    
5961
455 
    
3732
3267
118 
    
7   
3626
1797
    
9532
7338
    
 477
7246
2712
    
8389
5647
4639
    
7765
585 
7   
    
7171
6376
6374
    
1843
5787
7321
    
9154
7638
    
 356
 999
6848
    
36  
798 
1392
    
5957
837 
    
1237
3781
3486
1862
    
  25
7222
6725
    
2195
4   
    
4287
6538
  84
    
1323
44  
7   
    
  69
2333
8792
    
 858
 979
6512
    
3973
1369
 572
 886
    
6166
6191
3835
    
514 
2572
    
8113
6146
    
8848
4859
    
99  
161 
1896
6934
    
2248
31  
66  
    
8235
2421
121 
    
 334
 881
3872
    
9561
  53
    
 589
 961
7782
    
6   
37  
9394
    
 977
3855
    
6897
5692
  62
    
7691
  85
    
6249
2628
7487
    
2472
4696
 126
  43
    
 894
4996
2586
    
5749
9868
28  
    
3314
5227
  47
    
6571
5735
   3
    
1462
3153
973 
    
636 
3677
3781
    
2917
5758
    
   7
 951
8747
    
 312
3657
    
7955
9211
  94
    
6457
9548
    
9542
 123
    
7825
6141
    
41  
714 
4354
2667
    
2537
3266
    
5557
8554
    
3275
8856
    
1978
1326
5549
  77
    
6198
1371
3   
    
4298
4531
8426
5467
    
2343
1712
    
1498
  17
    
7251
5817
3631
    
2854
 996
    
315 
764 
2958
2915
    
3892
6113
    
 144
4766
3466
    
8471
 497
    
661 
6191
    
7631
  25
   6
    
 599
5653
    
2696
7243
    
9244
1736
957 
    
 437
6944
    
1468
9528
62  
    
8436
688 
    
3385
 896
 787
    
  52
 838
1621
    
7981
2156
 215
    
5743
1951
    
8742
3247
5426
    
8549
3355
    
584 
7698
1979
5951
    
2313
4331
4123
    
9398
4918
    
7285
1179
2176
6589
    
 973
 769
1893
    
7675
9124
3439
    
3952
8147
9914
12  
    
6765
7936
38  
    
8617
7133
846 
    
575 
7412
    
745 
2919
5998
    
6117
9537
 793
    
6588
9545
6   
    
4446
9949
    
8195
3291
2327
    
2126
887 
    
4222
1568
    
 828
5725
    
39  
915 
2694
    
  68
8182
6652
8354
    
 324
6862
9746
    
2873
5831
  34
    
345 
7538
    
  73
 726
9918
    
7725
9869
    
   1
1837
9795
    
3375
7848
    
 912
 624
4747
    
7621
1588
    
 697
7884
    
4956
  21
   1
    
2377
9235
    
437 
9923
4856
    
3225
5117
1868
    
  48
 336
4921
    
 547
6138
3325
    
182 
689 
5562
6471
    
1634
7916
3147
91  
    
359 
7822
    
4221
6471
    
6242
5723
    
25  
22  
6818
    
5481
427 
    
  79
9455
9956
    
 953
 164
8441
    
4851
1658
    
 219
1597
4997
    
 255
8935
7578
5984
    
3   
985 
2761
    
  86
 334
2694
    
3562
 898
    
3274
518 
12  
    
2842
3297
9332
    
  84
 818
9483
    
1245
  51
   7
    
2342
231 
    
73  
753 
431 
3297
    
3626
7297
5171
 959
    
53  
343 
4334
    
  47
4845
    
2263
6582
    
2916
5287
753 
    
8628
1328
1944
    
4864
452 
    
4787
5637
562 
13  
    
6181
6731
    
1481
1667
259 
31  
    
9877
991 
    
9686
6635
 189
  45
    
9844
5953
298 
    
8964
3388
    
85  
9437
1947
    
6548
984 
4   
    
1819
742 
711 
    
 287
9342
5315
    
8248
7843
    
2448
 368
    
295 
1964
6597
    
  14
 271
 466
9186
    
3499
7589
    
 225
8276
7392
2434
    
14  
813 
7319
    
 323
1984
    
99  
2349
8646
4875
    
 217
5773
7759
    
   3
   5
 113
6327
    
868 
9369
5239
    
232 
7496
5439
    
4251
9794
4793
    
5826
8121
    
889 
2953
2386
    
3497
5588
1867
978 
    
885 
1257
    
 238
9126
    
6898
7258
  98
    
6116
 999
    
424 
885 
2396
9516
    
8312
   8
    
1477
1762
    
778 
4752
1445
    
9336
8765
7155
    
  49
1432
7319
    
9999
411 
    
8   
689 
7227
    
 741
2327
2471
    
7869
2315
    
3151
895 
142 
    
8273
9629
 772
 978
    
3288
1855
    
1742
4823
7694
    
44  
69  
7817
9594
    
8169
 443
 567
    
  26
3441
    
7726
 729
  42
    
5772
4972
 328
    
6866
957 
    
664 
4267
    
   4
9825
    
56  
2642
    
855 
3396
1177
    
6671
3587
    
9879
4446
3545
    
  55
 874
9711
    
4843
6179
7114
    
5647
2149
1896
    
 722
 741
6662
    
8232
  25
    
 567
5319
    
3823
934 
    
 686
1463
9279
    
1867
 132
  47
    
  89
7213
    
 199
6643
6471
    
2218
1353
    
 815
3747
    
6584
5252
    
1347
8487
    
9825
9834
    
3   
259 
5147
    
7717
1177
    
  67
7287
    
8686
3946
    
386 
2239
    
9468
822 
    
19  
78  
7937
    
4676
1691
5495
    
5532
  76
    
3824
6861
6511
 516
    
6216
4183
3364
4956
    
4513
 495
    
7586
9738
92  
84  
    
5919
2315
    
16  
121 
4342
    
  75
 362
6599
    
39  
7667
    
1317
648 
384 
    
4789
5187
3324
    
1833
7231
  81
  78
    
8917
9421
59  
    
2246
7783
4158
    
5387
7776
1318
812 
    
4282
722 
    
3958
774 
475 
    
5846
8134
1267
    
1414
34  
    
429 
8157
8892
    
889 
2775
4528
    
4197
5974
6   
    
1381
6847
 291
    
2922
 623
    
73  
974 
8219
    
9121
2278
    
5444
221 
    
  26
1427
2712
    
  12
 858
7121
2688
    
25  
839 
9467
    
66  
438 
4582
4556
    
5784
849 
    
5669
2834
    
8661
2728
17  
    
2235
   3
    
6975
7946
2768
5945
    
6255
316 
    
1663
2754
    
7821
47  
54  
    
87  
8545
7828
4531
    
9648
4327
    
1892
9726
    
5893
 523
   5
    
  28
 783
1914
4798
    
6152
2265
327 
    
9118
9886
    
4   
137 
5772
    
6656
4371
44  
    
 375
5736
3645
    
7712
3464
    
123 
8967
7928
    
  14
 185
4181
5252
    
5243
8523
2667
    
9544
61  
73  
7   
    
   5
2341
    
3462
443 
88  
    
4886
5842
    
 252
7631
7268
    
932 
6539
9666
    
2847
4198
 821
 741
    
5845
   1
    
7492
9192
838 
    
3342
8187
    
587 
167 
2352
5961
    
  18
 833
5798
6952
    
7457
  19
    
5383
6794
    
4979
67  
99  
    
 391
9281
1476
    
  31
7745
    
8216
8915
5447
    
 133
 261
 188
8419
    
7327
426 
624 
    
351 
542 
5267
    
2775
8459
  98
    
958 
242 
1478
    
4953
4613
    
7437
 931
  83
    
  39
6156
    
5794
6895
    
947 
3928
5458
    
2278
3276
96  
    
3779
73  
1   
    
4439
5594
  64
    
715 
7454
5766
    
7565
5963
    
5123
25  
    
  84
1196
1998
    
2125
9198
519 
45  
    
8174
7671
    
58  
8899
1468
    
9274
4199
    
 883
7216
    
9   
3144
    
7191
4191
    
8382
6913
    
8419
7443
    
81  
44  
2353
    
9852
512 
97  
    
2237
1221
    
5933
167 
62  
79  
    
21  
6965
4515
1266
    
8912
 612
  73
    
8962
4144
    
2486
2766
3495
    
7867
2993
    
1735
5599
    
   9
 972
7857
4867
    
9587
6876
5883
    
754 
2863
    
3525
7917
8616
    
4744
  33
   4
    
3612
911 
    
  77
8195
    
5379
1858
127 
    
4296
5384
235 
12  
    
9213
 794
  99
  28
    
2514
6525
4759
    
5268
4413
 497
    
9466
8266
332 
    
 589
3146
9329
    
1841
6216
    
5244
1732
793 
12  
    
7711
4617
7744
    
6525
999 
361 
    
5723
132 
    
689 
1152
6792
    
529 
8847
    
2   
6266
3294
    
5849
5526
7352
 811
    
8651
 236
    
7964
   5
    
648 
6279
1961
    
  16
 713
6649
3479
    
6946
3413
 623
    
8846
4915
    
63  
3831
1954
    
639 
7542
    
8782
6233
3785
    
74  
6253
7826
    
 461
9263
    
4216
2874
    
8718
4433
392 
239 
    
  98
 299
7555
    
9266
794 
    
9396
 742
    
7198
7168
6613
    
4145
8715
    
45  
3741
5741
    
75  
8865
8871
8417
    
9642
3285
 941
  19
    
  49
2154
    
1315
7125
    
7189
8237
    
5666
4729
 216
    
41  
9537
3924
    
7429
4933
    
642 
629 
1554
5851
    
2521
1591
    
879 
588 
8578
    
   9
 392
7998
    
6696
8687
    
493 
5964
    
 191
7686
5873
    
4222
1758
    
5449
1783
    
4839
6442
    
3385
6619
    
1161
8765
7996
    
5661
  91
    
5933
9312
 438
    
2533
9587
    
5348
3655
    
8789
1115
    
9912
5342
    
4374
542 
74  
    
9191
9524
7238
425 
    
67  
1919
9275
    
8675
 924
  16
   5
    
7115
2787
    
63  
3754
7382
9233
    
  49
2117
    
5492
3158
843 
    
8182
41  
    
7946
1162
    
8145
4345
 264
    
4398
65  
    
 373
2917
7368
3248
    
1773
 643
  15
    
8392
681 
    
78  
6628
    
 646
3852
    
  69
 245
8997
    
2743
4915
2577
    
4533
7771
291 
    
2459
 531
    
8658
9842
    
  81
  99
 356
4568
    
42  
7663
    
9672
9359
379 
    
9634
1834
    
81  
2776
    
6971
4717
  18
  32
    
6419
  98
  63
    
5466
132 
    
  38
4868
    
 282
9394
3655
    
435 
896 
4349
    
  98
9986
    
 757
 752
9914
1613
    
5745
6975
    
   4
3929
8419
    
8516
398 
51  
    
2148
3513
1438
    
5975
5816
    
2259
3183
44  
    
4463
3645
8295
    
 769
 318
9231
4537
    
8821
  61
    
642 
7357
    
3548
3152
 119
 165
    
7856
134 
734 
    
7   
68  
295 
2627
    
88  
5373
    
234 
8981
    
6588
7813
3233
5837
    
  99
 656
5663
    
1   
7335
8814
    
8135
178 
83  
9   
    
  83
9355
    
3524
1159
    
2632
5218
5258
3537
    
6283
2547
3676
    
83  
5682
5215
    
 213
8914
    
79  
2188
1138
3499
    
5633
1734
492 
    
2628
3164
    
3966
  23
  39
    
3499
8385
232 
    
3474
6561
8516
    
  68
 287
6316
    
9667
3741
3133
483 
    
3943
6338
    
3933
 171
 648
    
3196
 952
    
6815
4393
4822
    
  29
 284
 398
4627
    
2298
87  
    
8814
 312
  53
   3
    
5592
993 
13  
    
5927
3721
    
8848
8198
    
 269
4594
9129
    
7987
6887
8674
 529
    
2354
 353
  66
    
4282
5337
    
8648
8928
  29
    
4273
795 
    
4572
6683
  36
    
9535
6869
  26
    
  44
 126
8635
6845
    
24  
7445
3342
    
32  
3787
    
  71
7343
    
397 
8625
3484
4223
    
1347
7999
    
1284
8722
2641
    
2346
1557
 218
    
6   
2   
7421
3811
    
1344
2344
  61
    
7791
4745
 653
    
562 
6698
5596
    
  12
 938
7539
7641
    
 247
 436
9717
    
4351
 852
    
8677
6122
    
4421
9771
 826
    
9753
8561
 884
  42
    
5634
5392
    
1489
5196
    
5391
3666
3962
    
1857
9611
    
499 
3364
1394
    
593 
3742
2562
    
1959
6518
    
4428
8188
   2
    
 826
 683
9936
    
  88
8424
    
 786
3312
2223
    
5427
6284
4217
2984
    
  44
5483
2473
    
8768
4183
 512
   8
    
3576
8963
    
6788
7226
    
9383
5437
    
2153
 848
    
555 
2884
2481
    
8762
 397
  92
    
5874
1979
 572
    
3146
1378
    
  72
 424
4789
6837
    
 619
6295
    
3598
4238
    
7558
 279
 689
    
8271
  64
  16
    
  62
7281
7924
    
422 
3822
9821
    
2632
4654
 268
    
  15
 624
4552
    
3965
2893
    
  61
 714
 139
2963
    
 552
3386
4895
    
3268
2993
46  
    
1752
6747
    
5271
6254
    
2224
1447
   5
    
1478
8245
3242
    
1236
  84
    
4392
1318
2327
 593
    
7261
8517
    
 659
 274
5677
    
7775
 463
    
6841
7641
    
81  
9872
    
4472
9812
7896
1293
    
1516
 879
    
 175
3842
4614
    
7244
5832
8262
    
6226
4196
    
  73
 395
1222
2528
    
2778
9154
29  
    
7   
83  
3325
    
2344
  56
    
7816
 619
  17
    
   2
7998
    
8379
8334
    
9387
9225
    
9131
8226
2472
447 
    
856 
4553
7658
    
4   
4251
2142
    
671 
8556
    
693 
3775
4665
9255
    
4368
 787
    
1213
9123
5918
 448
    
1999
7773
 136
 557
    
9171
9472
    
  38
 499
3693
    
7114
2191
 914
   1
    
65  
9271
7588
    
5924
9129
6324
    
318 
9731
    
8715
6268
    
  71
 983
3418
    
24  
44  
3887
7297
    
8914
 464
  91
    
4354
  59
    
2629
114 
53  
    
2225
9   
    
523 
7314
8967
    
3896
   4
    
  47
 984
2217
    
2   
3381
2197
    
3   
1668
7491
    
427 
879 
9974
    
5478
1872
    
 194
 741
6337
    
4184
4141
    
  52
4564
8349
    
6193
  98
  11
    
6456
9661
3988
    
772 
1554
    
3147
53  
18  
    
9735
7318
 628
    
9525
224 
    
2828
  87
  14
    
696 
3663
    
6596
6186
    
359 
864 
2811
    
1453
16  
    
1158
8595
6422
7751
    
1672
 783
  78
    
726 
6492
2521
    
8874
6889
  15
    
6152
7956
2684
1836
    
47  
893 
4422
8169
    
4426
4148
   2
    
9766
8723
6834
    
4922
9261
1673
1693
    
8665
8722
336 
    
428 
723 
6224
    
1633
6478
6834
3154
    
8496
1873
    
  44
6429
    
3754
7174
    
7489
  92
    
9726
5355
4448
    
5   
889 
6568
4753
    
  14
1127
    
8118
5814
    
512 
2549
2692
4722
    
6995
6547
    
   3
 677
8419
    
74  
7972
3545
    
4558
 596
    
6332
  94
    
71  
197 
593 
8592
    
6545
7543
 436
    
8947
5572
    
  34
9662
    
6353
4669
    
 428
1431
8656
7479
    
9894
5279
 141
    
7897
  92
    
9916
 547
    
3281
2256
 299
    
9651
162 
231 
    
51  
594 
485 
7497
    
5797
2134
 483
    
5588
3111
    
  98
3821
    
51  
664 
1371
7757
    
7845
946 
    
 659
5699
    
7915
6394
36  
    
8   
5984
3369
    
12  
8822
8646
    
 737
6965
4574
    
   9
  35
6376
    
3622
6989
    
4118
598 
    
7653
9362
1256
    
1717
8127
    
4995
9436
    
  47
4475
1349
    
8318
8324
    
  71
 389
5471
    
3   
2488
3392
3998
    
9352
1133
9742
    
 775
 319
3992
    
7192
9675
    
3236
 647
  24
   5
    
2332
5861
4194
    
   1
  77
6881
    
9255
6523
5756
    
2148
7145
    
3624
7195
8768
    
2763
2641
    
  36
8821
    
1967
8463
    
2568
5872
    
69  
2223
    
7316
 986
   9
    
3441
7787
    
2937
4651
  64
    
6657
6135
914 
    
  32
3633
5612
    
9767
8578
9749
  57
    
6812
 537
  17
    
5   
419 
6493
8886
    
  57
9892
5442
    
4936
5791
7933
    
5117
 978
    
 839
3168
2668
    
 253
6182
8459
5393
    
4385
2676
  73
    
 747
4756
    
7715
 228
    
51  
843 
4634
    
8283
6914
 653
    
5421
339 
6   
    
9552
8593
    
7467
3492
    
 264
 796
6164
3769
    
7446
 519
  52
    
3   
5139
4527
    
9571
3491
    
6615
3319
1497
    
3457
1321
749 
85  
    
4246
8151
    
2364
7777
9399
 816
    
5888
617 
6   
    
7661
5131
    
6937
4557
823 
89  
    
2193
   1
    
53  
1968
    
3448
3659
    
3387
338 
76  
    
1232
8476
9352
    
9971
6864
27  
    
2277
4565
    
9625
3741
  76
  45
    
9842
8858
    
4   
373 
5225
    
7759
535 
    
 729
1264
    
316 
9269
    
61  
4123
4166
    
1921
767 
232 
    
8521
5368
8327
    
8672
8853
    
7155
2423
    
9   
283 
6126
    
1485
1217
 289
    
267 
294 
9853
2886
    
2665
645 
    
8524
4669
    
   6
6888
    
5968
3642
  14
    
2555
2653
7214
    
26  
1177
    
93  
1977
    
 329
1382
9881
    
 446
9966
    
3656
8347
234 
    
7597
 939
    
2292
6947
    
2359
8919
    
5221
6487
5858
    
7421
4776
1235
    
 484
 765
7992
5138
    
7561
  52
    
1461
  28
    
6875
3179
3586
    
3946
 548
 489
    
3125
1135
296 
    
174 
4228
    
7892
9474
    
   3
1222
    
62  
9592
3872
    
9   
786 
3421
4846
    
   4
 819
2414
    
982 
4518
    
68  
76  
26  
9423
    
9268
16  
4   
    
1   
8354
7214
2214
    
4287
 177
 369
    
 778
3244
6857
5238
    
54  
5364
9718
    
366 
6465
    
1259
5933
4634
    
6916
1442
    
1435
  25
    
7341
4271
    
663 
3969
9541
    
874 
893 
7672
1124
    
  23
7473
3851
    
3287
9598
1766
    
5395
5788
 735
 124
    
1874
4855
7122
    
2697
  37
    
7298
 425
    
   8
 217
6571
    
6733
282 
    
46  
4497
9628
    
3983
9515
729 
57  
    
5398
8937
    
8679
6216
8972
    
965 
8158
    
4466
7584
4298
    
6273
1444
8316
261 
    
  78
 557
9677
    
 217
9426
4566
    
9724
1674
5274
1331
    
43  
1256
    
 869
6791
    
724 
5274
8527
    
9512
5326
532 
    
  11
4722
2635
    
 875
6471
    
  38
 347
5359
    
5335
2653
    
7   
119 
3496
    
5323
1729
  83
  77
    
4642
5568
    
8125
5154
    
  21
 342
8952
    
2187
5316
72  
    
4584
6377
 299
    
 394
2284
    
  21
2947
    
5167
167 
    
1338
2636
    
6797
8883
    
5427
6461
    
  13
3435
4987
    
7412
9345
    
352 
2543
9921
    
5992
5946
944 
    
 364
6538
6481
    
37  
327 
5555
8868
    
 864
8928
6294
    
5434
4674
    
8757
6741
8783
    
7318
527 
    
4828
7   
    
2978
1781
 719
    
1679
2   
    
7439
5597
    
1233
6454
    
95  
8334
    
63  
7686
    
2724
5438
    
45  
9625
    
6495
8645
    
9485
6595
8319
    
9969
9572
  96
    
261 
2326
    
  27
2465
9528
    
9431
5184
    
1589
 195
    
9541
76  
5   
    
3174
7947
4853
  33
    
3637
6897
 524
    
6125
9771
7798
19  
    
  73
 437
1479
3415
    
6466
9858
    
17  
2157
7427
    
435 
1517
    
1268
 379
    
  11
 694
8933
    
9633
927 
844 
    
  15
 739
8884
    
 991
 952
4625
    
8551
   2
    
  35
4534
    
 623
8576
    
9328
 969
  51
  43
    
8132
   6
    
659 
3953
    
317 
2732
    
544 
817 
3477
8835
    
6894
2882
9238
1855
    
7652
755 
21  
    
6962
66  
6   
    
  71
  18
2958
    
5246
 861
  46
    
 658
5415
    
986 
464 
4136
6345
    
9176
3117
372 
    
8423
838 
46  
    
8895
4733
5349
    
175 
7493
7664
    
4136
9413
3784
    
 332
 758
3689
    
3933
2896
 259
    
3445
6352
4654
    
  34
 717
2946
5781
    
3772
 828
    
4796
3441
2273
    
9685
3214
927 
    
2624
1324
 838
    
856 
4577
    
5688
3874
6639
    
9851
 618
 166
    
5955
5782
    
73  
475 
1234
2243
    
9781
7558
21  
98  
    
7246
4914
6368
    
71  
586 
3344
3989
    
6   
567 
4377
    
3345
276 
32  
88  
    
9224
2396
    
2   
1359
3852
    
5473
3219
    
2236
3747
    
8295
 775
  63
  31
    
39  
8546
6247
    
8272
2616
4481
  67
    
4189
   1
    
5158
9826
    
1352
7697
    
  91
9937
    
1842
4471
8922
    
3258
1797
1863
47  
    
3174
9584
 216
    
3598
1875
    
88  
5253
    
8653
  63
    
7   
244 
9765
    
  59
 754
3852
    
5212
 879
  64