95 41 1 4 *
92 29 4 3 *
45 61 22 68 *
63 65 9416 8629 +
1 99 987 4961 +
78 57 3 5 *
885 924 134 737 +
88 77 84 4 +
28 95 9438 2221 +
39 69 89 93 *
29 51 81 77 +
8 265 913 599 +
48 46 27 7 +
6 1 55 89 +
34 33 68 5 *
958 326 148 942 *
1 3765 9998 6993 +
22 35 867 9558 +
5 48 165 913 *
16 79 59 7 *
89 41 85 64 *
612 817 639 156 +
267 24 93 3 +
26 23 7 6 +
525 924 725 957 *
54 534 873 537 *
696 961 5 4 *
99 48 4 7 +
41 57 19 65 *
84 967 257 121 +
5 81 226 429 *
27 17 28 81 +
9 1 34 66 *
155 612 99 37 *
7 4 38 93 *
26 99 7 2 +
1 5125 1477 5133 +
56 34 3622 1979 +
4 73 81 1818 +
95 4 1 4 *
1 4 655 575 +
56 38 537 874 +
7 5 75 34 +
574 776 796 252 +
713 686 323 528 +
784 373 731 854 +
936 651 75 42 +
28 923 3557 5372 +
69 283 347 296 +
3 347 675 736 +
466 113 894 428 *
6475 7441 391 8 +
165 811 536 12 *
8 51 3835 5426 +
9641 5323 39 4 +
88 14 93 4 *
71 398 447 376 *
74 79 6 1 *
67 25 55 68 *
799 8115 2879 3134 +
97 79 25 672 *
34 84 7 3 +
7 141 663 229 *
13 61 94 38 *
8 45 12 62 *
3 74 63 126 *
714 585 57 21 *
78 92 6 4 *
581 473 591 89 *
4 118 784 515 *
9 688 614 345 *
42 76 98 94 +
27 17 16 31 *
18 91 67 5 *
278 372 34 3 *
46 84 89 866 +
4 43 92 94 *
786 432 896 881 +
644 537 231 671 +
24 44 81 2 +
478 189 79 9 *
142 219 898 8 *
12 53 13 64 +
53 23 37 14 *
76 72 55 26 *
369 996 655 889 *
58 88 69 18 +
7117 8249 745 39 +
79 33 86 31 *
9 86 74 72 *
381 941 78 55 *
918 137 231 131 +
994 69 4 6 *
54 95 65 1 *
331 721 368 27 +
731 67 29 67 *
97 53 33 28 +
72 427 741 762 +
854 366 843 979 +
757 78 65 5 *
766 133 777 164 +
157 873 482 371 *
97 16 53 48 *
6 398 594 698 *
371 693 89 2 *
58 93 57 7 +
1331 2748 3886 7162 +
76 27 222 525 *
24 1 9 5 *
46 25 838 784 +
147 34 2 3 +
28 37 639 932 +
6 895 571 892 +
31 9358 7678 3926 +
663 118 693 615 +
52 15 47 2 *
86 11 14 36 *
84 88 45 89 *
9116 9689 193 64 +
236 216 4 8 +
821 242 321 51 +
3 388 387 412 *
9 5 65 13 *
7 597 868 912 *
639 73 9 4 +
3 98 75 75 *
65 86 996 722 +
7 6 98 15 +
627 264 428 987 +
24 461 7924 2663 +
42 895 998 466 +
592 788 46 98 *
35 32 124 477 +
65 57 73 153 *
139 417 653 23 *
633 367 678 71 *
25 97 15 78 *
8 97 54 717 *
3 36 15 27 +
79 92 519 514 *
69 45 54 78 *
9 51 42 23 *
76 81 24 51 +
4742 1136 456 47 +
23 52 36 76 *
58 55 55 74 +
38 28 75 56 *
115 935 7247 8697 +
613 13 97 81 *
4485 2544 9326 8167 +
21 37 41 32 *
1 4 91 87 +
753 286 513 171 +
2 89 59 46 +
3722 1699 5451 85 +
36 81 91 23 *
43 174 466 466 *
8 44 79 17 *
66 61 19 1 *
7 6 32 156 *
5 56 95 93 +
27 62 94 63 +
919 275 437 46 *
6 49 34 74 *
196 452 62 88 +
86 48 38 6 *
3 387 898 567 +
1 86 532 281 +
72 912 851 165 *
51 79 45 31 *
835 724 442 276 *
83 53 45 95 +
5715 8699 4975 891 +
244 331 132 313 *
94 39 91 88 *
7126 2115 8778 5969 +
1 978 769 393 *
793 614 723 549 *
3891 9192 541 274 +
673 798 63 56 +
878 614 136 73 *
57 74 51 2 +
725 499 519 98 *
69 157 139 773 *
696 55 84 85 *
49 49 44 69 +
832 123 992 517 *
28 18 27 6 +
41 25 26 28 *
5 87 22 85 +
392 916 59 4 +
868 163 6855 8224 +
69 387 264 426 *
25 88 733 314 +
37 45 53 8 +
9 79 721 368 +
79 78 26 59 +
19 87 39 175 *
37 38 74 58 *
4 967 124 247 +
71 65 28 18 *
7 68 98 74 *
4 9 52 611 +
29 32 73 75 *
494 398 725 36 *
351 218 216 578 +
4 39 432 861 *
63 513 432 785 *
1656 8854 2967 21 +
1739 6911 314 467 +
37 58 92 2 +
46 24 27 11 +
65 27 42 23 *
226 528 1 8 *
54 42 87 1 *
99 49 755 956 +
8 914 564 341 *
41 86 55 18 +
14 259 199 977 *
875 2959 5378 5584 +
392 87 56 1 +
2 36 839 644 *
3 58 69 28 +
351 212 78 4 *
239 823 493 272 +
9 84 818 483 *
1 2 45 517 *
22 33 41 2 +
7743 3532 319 7 +
375 6219 2975 6719 +
534 343 33 4 *
4 8 44 75 *
26 25 68 32 *
257 925 183 67 *
811 639 224 884 +
44 85 62 4 *
4551 7663 832 77 +
66 17 83 11 *
1123 4651 869 17 +
99 89 71 7 +
96 661 8384 6595 +
952 899 458 43 *
83 93 68 48 +
891 549 34 77 +
694 58 44 8 +
177 841 121 9 +
95 233 841 725 *
87 28 44 83 +
2 43 46 88 *
216 995 569 47 +
9 241 1768 4166 +
37 45 98 99 *
872 2234 2793 5624 +
187 413 31 9 *
1 39 28 34 *
9284 9368 447 965 +
57 277 175 739 *
6 13 12 3537 +
895 632 863 99 +
275 344 293 69 +
494 277 599 143 *
58 81 22 61 *
822 893 958 36 *
3519 4587 9868 787 +
81 82 55 7 +
9 21 32 86 +
67 82 959 888 +
6 19 19 69 *
4829 2835 4591 66 +
8 3 1 28 *
11 47 76 72 +
741 774 854 25 +
987 371 365 655 *
17 43 431 929 +
94 91 91 9 *
867 82 92 7 *
22 734 427 171 +
72 83 61 95 *
381 194 552 1 *
89 2679 7277 3928 +
31 28 85 85 *
147 786 429 234 *
4679 4985 19 74 +
8 145 646 937 +
3 4 24 61 *
7 77 224 692 +
54 793 772 228 +
69 85 67 6 *
64 62 46 7 +
9 8 2 45 *
52 66 4 2 *
831 531 597 67 *
63 65 78 17 +
943 845 744 965 +
9 87 571 541 *
467 811 471 394 +
521 618 449 796 *
6 776 246 212 *
8 2 32 25 +
5 53 61 79 *
39 83 24 3 *
19 642 867 639 +
1 81 634 727 *
7 2 81 93 *
66 164 947 931 *
21 23 15 83 *
3 87 14 57 +
65 52 85 42 *
18 34 48 77 *
99 88 23 54 +
325 51 94 7 *
71 71 17 77 *
7 2 68 77 +
83 69 84 66 *
32 82 63 9 *
98 42 62 8 +
177 989 3 7 *
415 664 799 615 *
5 5 37 26 *
366 8855 2611 4116 +
6434 2139 1865 6346 +
4 54 19 35 *
7998 5724 83 68 +
52 93 11 95 *
114 623 14 2 +
6 35 769 529 *
37 96 6 7 *
163 348 184 7 +
453 713 882 974 *
17 82 3387 3118 +
895 949 12 71 *
274 271 485 638 *
5718 3731 8712 768 +
47 22 82 2 *
374 977 545 8 +
581 812 436 647 *
13 44 1 4 +
488 218 959 72 *
824 875 972 58 +
456 19 97 74 *
16 382 849 171 +
2 96 22 23 *
798 372 41 9 *
92 12 27 18 *
52 42 41 4 +
12 47 221 672 +
72 816 1528 2818 +
289 534 96 7 *
6444 6355 885 26 +
58 74 89 4 *
52 68 63 94 *
821 677 62 18 *
2 2 3 53 *
6725 9979 7464 5685 +
63 21 56 5 *
12 67 65 34 *
745 874 2 1 *
8874 7585 423 581 +
94 63 42 87 *
19 87 92 26 +
5 85 92 335 *
14 797 2819 8348 +
623 122 567 25 +
99 18 18 86 *
415 37 77 2 *
644 634 57 61 *
53 376 734 565 +
73 74 16 24 *
187 299 362 78 +
45 112 1885 4512 +
582 256 426 337 *
9677 513 4 4 +
2 3 4 51 +
348 448 63 2 +
45 88 84 62 *
77 262 536 218 +
969 356 236 96 +
24 8187 4924 7811 +
5 8 4 51 *
798 413 998 22 +
38 31 48 27 *
5125 8639 7756 21 +
56 879 1395 8382 +
7 4 51 79 *
56 37 89 34 +
469 979 7 9 +
91 324 987 116 *
7 7 34 15 +
885 294 114 657 +
8 1214 3681 3189 +
746 322 264 7 *
355 542 126 7 *
28 74 759 598 +
921 544 827 8 *
44 96 51 33 +
7 49 338 713 +
6 1 35 96 *
56 78 99 45 *
935 494 725 88 +
239 226 77 86 *
371 73 7 9 +
45 45 396 944 *
775 147 556 46 +
75 59 66 53 *
52 15 2 3 +
11 19 899 468 +
2954 1115 299 58 +
87 16 77 41 *
581 884 96 98 *
94 21 79 49 *
7 82 81 36 *
93 1 4 4 *
74 11 99 11 +
86 39 81 23 +
87 44 14 93 *
842 143 5 3 *
959 817 52 2 +
21 22 32 71 +
5167 9629 37 3 +
2641 1952 616 556 +
8 96 117 223 *
84 91 64 24 *
223 474 869 665 *
72 89 69 73 +
15 75 39 59 *
74 988 756 9277 +
965 588 878 763 +
72 58 46 3 *
378 596 211 576 *
4 7 43 434 *
39 61 11 2 *
8 1 79 75 *
511 382 757 98 +
4521 2332 985 64 +
9 27 1992 3498 +
264 557 125 459 +
54 244 619 837 *
983 423 662 66 *
39 513 842 969 +
16 82 41 16 *
5171 2792 433 42 +
747 767 114 174 +
693 596 291 5 +
51 73 22 3 *
616 817 959 22 +
58 28 94 7 *
263 22 69 64 +
557 8538 4251 9621 +
8 62 53 16 +
7 9 6 45 *
661 429 876 91 +
63 764 1147 6399 +
63 946 412 633 *
84 89 41 65 *
631 389 35 14 +
67 35 94 2 *
863 727 838 235 *
767 428 52 36 *
9 42 66 13 *
42 28 17 64 +
8432 7493 1329 83 +
7 25 995 895 *
97 29 64 6 *
9 37 94 62 +
776 116 961 883 +
48 17 41 55 *
435 577 44 11 +
7888 5884 671 517 +
93 629 4841 2519 +
2 1 45 94 +
17 31 12 55 +
78 12 83 97 *
54 672 621 696 *
493 159 32 74 +
74 49 23 93 *
6615 4258 2955 41 +
21 55 29 11 *
858 785 987 8 +
7 39 99 928 +
68 66 98 67 +
45 99 36 4 *
75 168 987 163 +
41 27 25 28 +
51 47 48 93 +
46 84 34 92 +
36 36 81 59 +
187 179 669 156 +
5 6 69 11 +
59 934 313 328 +
29 55 38 37 *
53 36 45 85 *
81 71 81 95 *
95 93 14 22 *
457 344 72 4 *
9974 1522 9235 148 +
619 792 17 95 *
8 69 721 5465 +
72 17 18 57 *
6379 3732 583 423 +
2 1 41 97 +
538 414 953 28 +
84 11 8 2 +
71 91 46 62 *
84 132 446 554 *
46 35 9 8 +
273 3932 7164 3788 +
1 76 741 335 *
86 38 91 2 *
76 86 2 8 *
3 68 45 62 *
8 29 649 957 *
242 795 417 357 *
472 579 371 31 *
2 45 53 91 +
89 68 54 82 *
4 35 8956 1968 +
47 26 6 3 +
993 637 759 29 +
91 68 33 44 +
82 17 7 6 *
64 97 7113 1782 +
6 4 196 983 *
51 43 62 6 +
4 8 36 88 *
93 236 895 245 *
484 393 564 9 *
9 9 98 86 +
91 7796 5511 7243 +
56 79 47 55 +
38 94 21 499 *
835 591 18 6 +
231 154 413 838 *
55 98 71 56 *
234 214 58 93 +
438 462 649 355 *
94 7325 6133 9817 +
8 8 26 11 +
67 43 25 7 *
33 5111 4516 8295 +
717 833 544 6 *
7622 896 52 7 +
85 83 7 3 +
28 39 48 1 +
6735 5828 8133 8337 +
5 66 956 963 +
178 38 31 54 +
8189 173 38 5 +
9 3 85 35 *
31 51 25 49 +
2553 6225 3153 2887 +
623 256 847 376 +
855 362 81 25 *
8 29 11 34 *
7213 9114 839 889 +
514 679 332 34 *
23 61 26 84 +
3 9 623 639 *
382 433 982 95 *
368 455 761 416 *
6 23 681 876 +
9334 6718 6433 713 +
36 93 43 38 *
3 916 374 318 *
3 19 95 62 *
644 838 192 532 +
4 236 2892 9487 +
28 27 9 8 +
8 83 115 4233 +
591 593 93 2 *
53 97 22 71 +
88 81 49 88 *
49 251 692 949 *
768 9865 8872 7749 +
2 33 556 436 +
45 23 83 27 +
88 69 422 889 *
47 29 75 3 +
46 56 783 236 *
96 58 362 596 +
86 168 4234 4655 +
273 443 44 52 *
33 27 8 7 *
7 3 74 13 +
3834 9642 7282 543 +
17 39 49 79 *
182 276 824 421 *
21 352 451 678 +
6273 48 21 11 +
12 33 446 441 +
74 776 945 153 *
565 665 299 86 +
77 956 1334 2891 +
9 247 431 767 *
4 38 55 12 +
86 61 72 72 *
49 478 272 116 *
98 758 5684 3142 +
55 63 39 42 *
15 41 89 96 +
533 369 966 162 *
19 86 51 71 *
431 933 969 44 *
532 975 346 22 *
16 95 51 98 +
48 41 28 882 +
9 869 283 636 *
8 4 82 84 *
32 732 812 623 +
5642 4229 2818 7474 +
52 44 487 433 *
84 715 681 8328 +
38 59 76 63 +
67 72 82 86 +
95 34 83 37 *
2 18 54 38 *
522 584 588 41 *
8 73 699 272 *
51 895 777 492 *
31 13 47 68 +
46 478 7283 2497 +
6 62 19 95 +
34 52 93 88 *
7 526 578 899 *
8 2 761 146 *
77 29 682 214 *
439 288 222 21 +
24 662 356 248 *
4 65 125 542 +
32 98 69 53 *
2 719 6136 1493 +
34 538 589 265 +
324 296 69 83 +
16 77 54 27 +
56 22 75 14 *
21 24 24 475 *
183 422 744 852 *
1 2 38 64 +
412 3335 9129 2873 +
78 25 61 17 *
5 626 577 947 *
7 74 76 53 +
67 86 44 11 +
89 18 7 2 +
4971 4882 7199 2263 +
1 58 17 69 +
34 186 741 524 +
758 282 436 422 +
64 21 29 66 *
12 325 7922 3528 +
292 719 75 84 +
783 33 2 5 +
2 3 45 46 *
7 86 111 697 +
7 9 9 28 *
88 33 73 94 +
99 32 82 75 *
9824 1244 3277 162 +
847 556 655 38 +
442 21 54 12 *
68 75 15 6 *
6349 9762 3765 555 +
4 37 68 87 +
195 2194 1214 3388 +
17 9715 9735 9367 +
99 14 77 12 *
3 46 399 893 *
72 119 191 4141 +
697 525 78 18 +
596 913 222 494 +
39 17 83 1 *
86 72 16 58 *
3 94 781 138 *
2437 4482 89 77 +
8 94 169 441 +
4 3 55 49 *
215 613 24 9 *
29 2 2 5 +
578 239 316 47 *
3 8 9 64 *
2 92 481 747 +
232 31 89 17 +
317 64 69 81 +
489 279 797 4 +
51 48 77 82 +
6 173 943 417 +
44 11 84 41 *
48 53 564 249 +
6 1 991 381 *
693 469 568 618 *
71 75 25 4 +
351 138 4 7 *
97 736 312 588 *
92 52 24 5 +
2 8 281 874 +
63 96 66 3 +
66 51 98 66 *
382 568 941 1 *
11 46 5 3 +
1867 1547 5925 8521 +
1 67 787 238 *
762 245 692 21 *
86 88 781 495 *
6721 1968 5583 2646 +
4848 7941 326 29 +
44 41 24 682 +
986 778 623 634 *
4911 9266 2679 2133 +
883 673 626 52 *
476 222 832 4 +
1663 6481 3735 3844 +
81 48 97 63 *
6 4 42 49 +
37 71 57 44 +
7 4 89 92 +
954 734 254 658 *
5864 857 965 83 +
1 1 12 47 +
85 18 11 84 +
5224 1567 2492 922 +
66 95 94 57 *
8 64 71 379 *
773 495 74 25 *
4 55 59 86 +
6 3 39 24 *
7158 1995 739 2 +
67 554 443 536 +
85 95 47 72 +
9 6 36 42 +
64 36 56 39 *
187 4464 2357 8169 +
95 821 974 491 +
7 8 99 72 +
9 95 14 67 *
32 222 859 169 *
912 663 521 1 *
5547 1984 459 7 +
52 714 938 743 +
53 51 81 81 *
3 8 92 81 +
5617 1637 475 17 +
79 84 46 5 +
5 66 59 99 +
763 936 19 54 +
853 93 86 49 *
188 286 24 26 +
64 795 367 754 +
6 3 37 956 +
36 69 28 29 *
45 19 18 8 +
791 632 565 326 *
18 71 12 77 +
49 94 93 56 +
41 43 474 759 +
88 33 12 84 +
5 34 787 191 +
3233 439 899 828 +
919 317 534 232 *
3 739 719 592 *
79 16 97 25 +
3 26 342 6745 +
254 381 369 214 *
6 8 78 171 *
965 257 525 536 *
27 11 44 85 +
378 617 296 458 +
22 76 64 31 +
8 8 32 61 *
18 94 66 73 +
25 58 67 82 *
62 92 2 3 *
7 39 18 669 +
37 47 48 17 +
24 96 356 714 +
669 611 534 75 *
35 66 331 232 +
989 757 6745 7897 +
6 85 131 277 *
5468 148 998 36 +
95 84 594 722 +
457 979 393 613 *
5 19 17 78 +
32 816 366 988 *
685 2143 5859 3293 +
42 36 877 563 +
4 77 45 76 *
7 72 12 58 +
584 146 33 4 +
86 296 815 343 *
536 43 29 1 *
98 55 59 23 +
73 44 69 72 *
63 2717 6966 4649 +
7 45 415 692 *
354 15 32 97 +
93 54 79 11 +
631 634 119 597 +
3178 4345 529 71 +
48 21 45 61 *
279 3738 6791 4796 +
566 81 87 8 +
75 61 63 11 *
6488 9529 353 77 +
2 1 9 31 *
51 39 6 8 *
33 46 45 89 +
337 336 88 7 +
189 243 375 262 +
962 987 76 14 *
24 25 76 75 *
93 67 2474 5165 +
98 88 45 28 +
435 72 32 5 *
75 73 55 9 *
1 72 26 94 *
39 12 66 9 *
644 111 26 36 +
172 963 272 1 *
858 533 262 187 +
88 68 75 23 +
72 14 52 53 *
926 81 32 6 +
11 422 818 579 *
2292 6988 7458 36 +
26 64 65 5 *
84 56 26 49 +
6 8 8 68 *
53 96 641 824 *
227 562 551 534 +
21 61 7 7 *
91 39 7 7 *
19 338 288 921 +
9 49 46 66 +
382 633 544 67 +
7 59 93 79 *
26 29 94 27 *
28 39 51 99 *
565 248 285 178 +
741 472 273 165 *
75 4791 8693 4528 +
7 5 65 12 *
1 4 62 18 *
633 815 778 596 +
3 954 448 689 +
312 119 236 55 *
14 72 42 8 *
79 84 97 24 +
1 2 2 32 *
693 258 97 22 *
9734 848 624 16 +
2 84 11 494 *
94 85 21 8 +
6729 8664 2 3 +
914 26 6 8 *
1872 322 511 444 +
4 213 876 779 +
365 7282 7453 8478 +
559 437 61 48 +
36 64 66 5 +
154 296 533 934 *
61 94 14 62 +
1 4 32 55 *
74 32 47 11 +
639 695 364 91 +
8871 7961 4372 24 +
73 48 275 331 +
391 257 896 786 *
55 3771 9832 5854 +
147 881 752 452 *
2 6 93 77 *
7 24 92 85 *
6 25 17 871 *
62 78 32 3 *
449 646 92 78 +
3975 9527 819 35 +
58 39 93 87 +
868 629 717 962 *
98 61 55 8 +
474 452 689 648 *
6182 2436 7411 346 +
9 56 757 877 +
94 245 126 766 *
9151 7623 2773 4441 +
41 32 5 6 *
6 87 69 91 +
758 225 472 47 +
955 533 122 26 *
42 76 123 125 +
6 84 77 51 *
5 33 345 879 +
52 36 35 53 *
713 14 99 6 +
51 37 2287 3937 +
45 65 46 28 *
85 11 25 54 *
8 39 245 122 *
257 132 81 76 +
46 532 879 479 *
2 32 98 44 +
2 9 24 17 +
51 16 67 7 *
12 36 33 86 *
68 78 98 73 *
56 44 26 71 +
34 49 138 357 *
79 43 14 25 *
329 559 242 31 *
559 994 944 26 *
66 354 638 481 +
3358 7258 756 58 +
86 892 629 484 +
54 46 37 44 *
868 777 548 713 +
75 32 17 8 +
47 8 2 8 *
21 977 781 819 +
12 6 7 9 +
75 45 39 97 *
16 24 35 34 *
98 53 3 4 *
67 36 8 6 *
25 74 23 48 +
49 56 2 5 *
68 46 94 55 *
968 453 891 559 *
99 95 679 926 *
22 63 12 6 +
29 45 262 758 +
95 41 38 14 *
1 51 89 95 +
975 56 4 1 +
374 198 7453 4733 +
36 685 392 774 *
6971 1779 279 518 +
13 444 7371 3795 +
69 48 65 68 +
127 714 52 77 +
41 35 51 7 +
1 23 67 89 +
8 69 193 143 *
998 624 374 3 *
8 78 138 594 *
4 996 952 125 *
8 5 5 12 +
4 5 33 54 *
8 65 27 36 +
9 39 2654 8913 +
8 1 3 26 +
63 59 95 3 *
32 17 73 2 +
5838 4148 4773 75 +
6291 8828 9835 4285 +
772 651 55 2 +
666 96 6 2 +
2 9 715 188 *
5 28 464 616 *
5 64 51 85 +
9446 8613 6434 65 +
933 117 712 67 +
884 436 28 3 +
845 873 934 539 +
177 746 596 34 +
493 147 318 634 *
3 376 358 289 *
32 982 395 369 *
364 436 455 524 *
25 797 3148 4761 +
3 78 72 28 *
432 742 947 613 +
939 622 817 54 *
21 638 223 448 *
84 55 67 7 *
536 686 873 849 *
9 861 516 186 *
55 97 58 52 +
7412 3722 534 43 +
9729 7518 85 18 +
746 293 416 648 *
7533 1839 648 49 +
654 63 77 7 *
3238 3728 46 5 +
92 23 29 46 *
213 38 55 92 +
53 42 71 39 +
23 27 34 67 *
8 27 9763 5531 +
386 952 44 67 *
824 264 7186 2617 +
4 1 8 91 *
59 18 52 86 +
17 36 59 27 *
9 9 93 17 +
148 849 472 212 *
3114 2787 596 873 +
39 152 781 446 +
31 58 97 85 *
85 82 5 3 +
8 6 56 33 *
729 47 46 5 *
3 78 555 942 *
5 28 176 294 +